train: 67349
input_ids tensor([  101,  5342,  2047,  3595,  8496,  2013,  1996, 18643,  3197,   102,
            0,     0,     0,     0,     0])
token_type_ids tensor([0, 0, 0, 0, 0, 0, 0, 0, 0, 0, 0, 0, 0, 0, 0])
attention_mask tensor([1, 1, 1, 1, 1, 1, 1, 1, 1, 1, 0, 0, 0, 0, 0])
torch.Size([4, 15])
torch.Size([4, 15])
torch.Size([4])
===
dev: 872
input_ids tensor([  101,  2009,  1005,  1055,  1037, 11951,  1998,  2411, 12473,  4990,
         1012,   102,     0,     0,     0,     0,     0,     0,     0,     0,
            0,     0,     0,     0,     0,     0,     0,     0])
token_type_ids tensor([0, 0, 0, 0, 0, 0, 0, 0, 0, 0, 0, 0, 0, 0, 0, 0, 0, 0, 0, 0, 0, 0, 0, 0,
        0, 0, 0, 0])
attention_mask tensor([1, 1, 1, 1, 1, 1, 1, 1, 1, 1, 1, 1, 0, 0, 0, 0, 0, 0, 0, 0, 0, 0, 0, 0,
        0, 0, 0, 0])
torch.Size([4, 28])
torch.Size([4, 28])
torch.Size([4])
